71
20240419 8700 8655 8563 8755 136851
20240418 8687 8721 8623 8860 118307
20240417 8695 8708 8620 8750 104412
20240416 8794 8700 8673 8863 150895
20240415 8610 8800 8603 8849 173722
20240412 8650 8611 8548 8694 139204
20240411 8688 8680 8600 8753 114491
20240410 8699 8742 8638 8759 126110
20240409 8699 8690 8635 8866 180637
20240408 8491 8700 8465 8746 201503
20240403 8488 8490 8405 8547 98814
20240402 8450 8500 8420 8598 112408
20240401 8340 8455 8331 8612 193533
20240329 8040 8280 8040 8300 144184
20240328 7950 8045 7925 8149 119068
20240327 7999 7974 7922 8150 174824
20240326 7810 8001 7803 8010 152008
20240325 7724 7824 7705 7890 142508
20240322 7703 7724 7611 7750 103741
20240321 7820 7720 7707 7830 87387
20240320 7819 7788 7777 7893 87323
20240319 7860 7858 7673 7908 128401
20240318 7830 7899 7777 7926 102679
20240315 7729 7829 7664 7850 109686
20240314 7826 7729 7701 7849 95341
20240313 7920 7825 7760 7946 104668
20240312 7771 7902 7702 7950 181003
20240311 7726 7742 7686 7787 98188
20240308 7676 7718 7668 7769 98988
20240307 7595 7700 7588 7724 111431
20240306 7687 7595 7582 7700 89462
20240305 7560 7687 7545 7707 160290
20240304 7867 7614 7590 7880 216447
20240301 7920 7873 7860 7952 101938
20240229 7769 7955 7764 7961 143678
20240228 7861 7779 7771 7925 115949
20240227 7680 7831 7668 7836 127086
20240226 7763 7680 7638 7800 97433
20240223 7841 7762 7737 7910 105571
20240222 7782 7880 7742 7899 123665
20240221 7488 7803 7463 7930 211499
20240220 7462 7496 7399 7518 121954
20240219 7550 7461 7394 7566 140315
20240208 7354 7454 7338 7531 230214
20240207 7230 7335 7145 7348 247918
20240206 7001 7230 6966 7266 279209
20240205 6845 7001 6830 7120 317070
20240202 7065 6771 6681 7065 197405
20240201 7004 7021 6961 7110 121272
20240131 7120 6969 6967 7170 101779
20240130 7239 7124 7087 7283 94995
20240129 7338 7270 7270 7393 89999
20240126 7180 7300 7175 7345 118426
20240125 7064 7209 7005 7231 118143
20240124 7045 7030 6875 7049 102873
20240123 6917 6962 6865 7011 99872
20240122 7014 6917 6817 7129 222455
20240119 6947 7020 6901 7044 133997
20240118 6735 6981 6678 6996 180312
20240117 7006 6770 6770 7006 141453
20240116 6970 7006 6903 7033 118083
20240115 7066 6981 6968 7078 125433
20240112 7127 7084 7027 7147 118520
20240111 7286 7148 7131 7290 125806
20240110 7201 7300 7200 7345 87547
20240109 7370 7232 7211 7385 103765
20240108 7500 7363 7353 7531 75435
20240105 7500 7520 7454 7608 79455
20240104 7520 7516 7430 7624 94172
20240103 7552 7555 7500 7600 85718
20240102 7690 7567 7555 7692 96389